epochs 1000
layer
3.092085963950 0.819918927806 3.972201836127 -0.292733552214 -0.730257627913 -1.635941960430 0.369364756948 -3.092095450190 -2.364989455622 0.337383575604 2.554868014835
0.078399411398 -0.474739440287 -0.790619185858 0.336028877345 -1.411156420899 -0.648352701200 -0.569714129216 -1.019204886094 -0.625901431612 -0.727284055526 3.396784113054
layer
-4.719018014529 3.665646816402 0.668599077060
0.030546596883 2.883280733184 3.247120468036
layer
-3.149285150567 2.789955202699 1.520330563813
8.862754810005 4.152382039419 -3.333216040206
layer
-3.322180860248 -0.932930344648 -2.041393884696
-6.396650114912 -0.720199546461 -0.367204732673
2.373209608177 -2.303503871472 -5.644336884165
4.731131248772 -6.886182539759 -6.782722921795
6.555717706503 -0.161172177147 -7.509828533432
-3.447516478081 -0.901839322253 -1.968399885824
-9.170034639366 -2.341599913609 1.828747670329
8.991382657271 -3.289141872543 -1.811390531936
3.050761885644 -2.592010171447 -6.171330562646
-7.119304964565 0.159373410739 -5.813530460283
